10.6002584881  2.42012826479e-46
10.9775728813  1.59228279334e-46
11.2365480014  1.09749876549e-46
11.6365110113  7.56463327555e-47
12.0507106364  5.46227721768e-47
12.6260010987  3.76493580679e-47
13.3838875317  2.47707635599e-47
14.0228227015  1.70735264747e-47
14.6922600815  1.29154966501e-47
15.75681204  9.32603346883e-48
16.7026280572  7.05480231072e-48
18.1229064276  5.33669923121e-48
19.6639556517  4.0370172586e-48
21.839390125  3.35160265094e-48
23.4217991895  2.78255940221e-48
26.3180170872  2.31012970008e-48
29.5723662302  2.00923300257e-48
32.8439737385  1.91791026167e-48
36.0547115425  1.8307382803e-48
40.5130496924  1.8307382803e-48
44.4734955641  1.8307382803e-48
49.3936233914  1.91791026167e-48
54.8580677274  2.00923300257e-48
60.2208436605  2.2051307399e-48
67.6674400475  2.31012970008e-48
76.0348438225  2.42012826479e-48
83.4678039579  2.65608778295e-48
91.6273901189  2.78255940221e-48
101.764179821  3.05385550883e-48
114.347809138  3.35160265094e-48
126.998171575  3.67837977183e-48
139.413168426  4.0370172586e-48
153.041821701  4.43062145758e-48
171.966177576  4.86260158007e-48
186.589016666  5.33669923121e-48
212.120322377  5.85702081806e-48
232.85662985  6.42807311728e-48
255.620062507  7.05480231072e-48
283.899453789  7.74263682681e-48
311.652694493  8.90215085445e-48
346.131007366  9.32603346883e-48
379.967835984  1.0235310219e-47
417.112461206  1.12332403298e-47
463.257847384  1.23284673944e-47
520.541903914  1.41747416293e-47
571.428668799  1.55567614393e-47
634.646143814  1.78864952906e-47
696.687429755  1.87381742286e-47
764.793703561  2.05651230835e-47
849.403261126  2.25701971963e-47
943.37322163  2.47707635599e-47
988.409040115  2.71858824273e-47
